0                 |-1.476083061011338  |0.9102279728951812  |0.008021092824140652|-0.6343015510703527 |1.6219634919164365  |
16                |0.29                |0.39                |0.75                |0.5                 |0.28                |
15                |0.29                |0.39                |0.75                |0.5                 |0.28                |
14                |0.55                |0.58                |0.56                |0.55                |0.61                |
13                |0.29                |0.39                |0.75                |0.5                 |0.28                |
12                |0.01                |-0.08               |-0.15               |-0.00               |-0.00               |
11                |0.29                |0.39                |0.75                |0.5                 |0.28                |
10                |0.01                |-0.08               |-0.15               |-0.00               |-0.00               |
9                 |0.29                |0.39                |0.75                |0.5                 |0.28                |
8                 |0.01                |-0.08               |-0.15               |-0.00               |-0.00               |
7                 |0.01                |-0.08               |-0.15               |-0.00               |-0.00               |
6                 |0.01                |-0.08               |-0.15               |-0.00               |-0.00               |
5                 |0.29                |0.39                |0.75                |0.5                 |0.28                |
4                 |0.01                |-0.08               |-0.15               |-0.00               |-0.00               |
----------------------------------------------------------------------------------------------------------------------------
0                 |3.937257852164006   |3.1814285925187633  |1.3488969463116405  |2.743533279030057   |-0.9270030976483687 |
16                |-0.67               |0.84                |0.3                 |0.57                |0.39                |
15                |-0.67               |0.84                |0.3                 |0.57                |0.39                |
14                |0.72                |0.69                |0.6                 |0.67                |0.55                |
13                |-0.67               |0.84                |0.3                 |0.57                |0.39                |
12                |-2.56               |-14.5               |-0.01               |-2.99               |0.01                |
11                |-0.67               |0.84                |0.3                 |0.57                |0.39                |
10                |-2.56               |-14.5               |-0.01               |-2.99               |0.01                |
9                 |-0.67               |0.84                |0.3                 |0.57                |0.39                |
8                 |-2.56               |-14.5               |-0.01               |-2.99               |0.01                |
7                 |-2.56               |-14.5               |-0.01               |-2.99               |0.01                |
6                 |-2.56               |-14.5               |-0.01               |-2.99               |0.01                |
5                 |-0.67               |0.84                |0.3                 |0.57                |0.39                |
4                 |-2.56               |-14.5               |-0.01               |-2.99               |0.01                |
----------------------------------------------------------------------------------------------------------------------------
0                 |-1.8661798134133565 |1.4887270025635448  |-1.0441850499098642 |-1.361291175542036  |0.04318039998285972 |
16                |0.29                |0.29                |0.35                |0.3                 |0.75                |
15                |0.29                |0.29                |0.35                |0.3                 |0.75                |
14                |0.55                |0.61                |0.55                |0.55                |0.56                |
13                |0.29                |0.29                |0.35                |0.3                 |0.75                |
12                |0.01                |-0.00               |0.01                |0.01                |-0.11               |
11                |0.29                |0.29                |0.35                |0.3                 |0.75                |
10                |0.01                |-0.00               |0.01                |0.01                |-0.11               |
9                 |0.29                |0.29                |0.35                |0.3                 |0.75                |
8                 |0.01                |-0.00               |0.01                |0.01                |-0.11               |
7                 |0.01                |-0.00               |0.01                |0.01                |-0.11               |
6                 |0.01                |-0.00               |0.01                |0.01                |-0.11               |
5                 |0.29                |0.29                |0.35                |0.3                 |0.75                |
4                 |0.01                |-0.00               |0.01                |0.01                |-0.11               |
----------------------------------------------------------------------------------------------------------------------------
0                 |1.0666492525400884  |2.7547055310429824  |-1.625877369633376  |2.865054615260166   |
16                |0.35                |0.57                |0.28                |0.65                |
15                |0.35                |0.57                |0.28                |0.65                |
14                |0.59                |0.67                |0.55                |0.67                |
13                |0.35                |0.57                |0.28                |0.65                |
12                |-0.05               |-3.10               |0.01                |-4.54               |
11                |0.35                |0.57                |0.28                |0.65                |
10                |-0.05               |-3.10               |0.01                |-4.54               |
9                 |0.35                |0.57                |0.28                |0.65                |
8                 |-0.05               |-3.10               |0.01                |-4.54               |
7                 |-0.05               |-3.10               |0.01                |-4.54               |
6                 |-0.05               |-3.10               |0.01                |-4.54               |
5                 |0.35                |0.57                |0.28                |0.65                |
4                 |-0.05               |-3.10               |0.01                |-4.54               |
----------------------------------------------------------------------------------------------------------------------------
